328 11101111.

10510001 11011,1,2,22,149,154, 10510001 senescallusEpiscopiWin·
151111181181105111,
1011111001 Episcopus 11130111, 157, 1051001150101155181, 129.

167. 10510011, Benedictus 51101, 256.
1050000151101 51100111, 87. 105011011, Eugenius 51101, 148.
10510001 51101 5101, 146. 10510011, Ηο011001 51101, 166.
1050000151101 Baldewini, 208. 10510011, 1030510101 51101, 166,
10510001 51101 Β1115011111, 119, 243

152. 105101111051000151101, 41.
1011000111 51101 D'i, 13. 10510011, Martinus 51101, 01111011
Johannes 51101 Ε111101111, 280. mater ejus, 186.

10510001 51101 (10051111, 201, 275. 10510011, 1110501101 51101, 23.
10500001 51101 Godefridi, Godfridi, Johannis, Petrus 111101, 26.

22, 27, 88, 03, 104. 1011111011, Philip us filius, 166.
10500001 51101 (10111101, 28. iohannis, 1110011101 51101, 148.
10500001 51101 (10111101, 0111150110 10510011, 1105011111 51101, 19.
11111111 1511511111, 101. iiffiffiffitffisfiiiii's, 11111, 101
10500001 51101 Ηο15010, 91. 142.

10500001 filius Hugoniffi 264. 10510011, 11111101οι01 51101, 56, 87,
10510001 51101 10510011, 41. 134, 141, Ι201, 245.
10510001 51101 Judithoe, 123. 10500001, et Ceciiia uxor ejus,
10510001 51101 Κο101, 144. ll.

. 1051000151101 1101010122149. 10500011 de Μο1010, Anicia 5111,

10500001 51101 Μ15111111, 51. 146.
10510001 51101Μο1 110186 207. 10510011 110 81105010, 1111101111
10510001 51101 Mat'ldae, 51101, 82. -
1051111001 511111 Pineernoe, 234105111011 110 Η1111011, willielmus
1051000151101 Radulphi, 274. 51101, 234.
10510001 51101 1110111111, 244. 10510011, Ρ1101 Hospitalis Sancti,
10500001 51101111111111110, 236. 84.
10510001 51101 11011015, 65, 192. 10500011 Leia, Prior et 1111101
10510001 111101 Salomonis, 94. Hospitalis Sancti, 84, 161.
10510001 111101 Το150101, 44. 1010 quae fuit uxor Lucae de Boli-
10510001 51101 willielmi, 37, 38, 100, 39.

80, 147, 235. 1011011, terra, 810. 10, 133.
10510001 51101 Baldewini de Lon- Jokeford, terra, 010. 10, 135.

11011, 58. 1011100011 90, 94, 180, 188, 253,
,Iohannes filius Godefridi de Las· 258.

1111, ll, 1011111101 51101 111οξ, 280.
101110001 51101 Matilldoe de che- 101111101 51101 1111110501, 214.

1015110, 177. 1010011001, 179.
10510001 51101 Ν100101 110 Ηο11- 11150111 uxor Petri Salsarii, 170.

11011, 88. 11150111 uxor 1110111111 110 Lideberi,
105000015501111001111110111110511,167.

’ 137. 11150111 quae 1111101101 11050111 110

1050111101 frater Thomae Clerici, Ρο111,156, 173.

224. 11150111 uxor 1111110501 le Brun,
1051111101 Ρ111001 110 (1110101 250.

148. (See also 11000111, 10.)

 

