INDEX.

03311, Ι6131166661 63, 80.
0111661166, 1161666 63, 81.
06136666, (16661663, 06116663,
0616361163, 16116111, 73.
0613361163, 116616 63, 31 Felicia
uxor ejus, 73.
0131631616, Simon de, 263.
061116, 61661663 63, 46.

Ceston, 1136111366, 37.
061166, Pagan 63 66, 87.

0611611, 3Regimldus peter Ilgari 63,

0666116167, 1366 61111 6111 ιιι, 73.

06633616, Rogemus, 147.

06631611, Ro erus de, 70, 241.

Cauz, 61661663 63, 4.

0663, Regem de, 77, 261.

0631116, 201, 222.

0361116 prime uxor 16661, 101.

0661116 uxor 16666613, 11.

cecilia uxor Η66116163 86163611,

0361116 uxor 16666613 66 Β61111,
201, 202.

0361116 uxor Thomae Cemererii‚
2, 14.

0361116 quae fuit uxor willielmi 16
Ρ611631, 139.

03161, Ρ31163, 250.

03116, 03116, Ρ11611336 66, 63 16,
177, 250.

cellarius, 1666663, 61.

cementarius, Hugo, 257.

031616111611363, 44, 46.

0613316, Willielmus de, 44, 46.

Ceresie‚ 16666633 63, 14, 108

0613313, Willielmusde, 14, 109.

06111611, Hugo de, 180.

066161, 1366 milii in, 174.

certeseia, 031136, Abbas de, 49,
108, 116, 215, 221, 233.

0631311611, 661οὸ 36613316 63, 66.

Cest7‚ Episcopus, 199.

03311,(16611166363,167,178.

cestr, Gaufridus de, et Ysabella
uxor ejus, 175,182,183.

033633661613116 in, 62.

066133666136661111116, 145.

299

0331131611, 66613316 63, 212.
0331131611, 611616 63, 239.
0331161611, Thomas de, 238
06666116ωῆ, walterus de, 59.
06366316, 16666633 63, 189.
Chadrugffi (1116631116 116161 116661-
Chehefip 866 63, 82.
0116136,1ο666633 63, 64.
06613636, terra in, 278
0116166311, (13631663 63, 95.
06661 6, 66661163 63, 188
0116663, 631163, 71.
01161631, 0611166133, willielmus de,
32, 76, 117.

ι 01161633, walterus de, 58

066166, 16666663 63, 60.

01161116, 66666336 63, 111.

0661163166, terra in, 202.

011663 ve, 13116 16, 203.

011663 terrain, 29.

0116631, 0166111663, 67.

01166166, Ρ6111616366, 145.

0636633136 3661631663, 175.

0113633133, 3661331666, 77.

06663316, Η6631163 63, 50, 268.

0636331616, 6161366 63, 78.

0666661, Alexander 63 0633631
pater 16666613 66, 194.

0113136616, 66631163 63, 100.

06316316, terrain, 278

0636316169.

0631336661,11631661 1363666166
111, 177.

0661336661, Μ611116663, 6116666-
663 filius eJus, 177.

063116, terra in, 47.

0661116166, 1116113163 63, 31 Pega-
nus 1161313166132.
0661661331616, 06631663, 63, 22,

0116163111, Ρ61163 66, 269.

Chen, 81661663 1113 63, 195.
06363313, Eva de, 192.

Chep 61611, 11166663 filius, 68
011316331611,131ι663, 76.
0113136616, 81661663 66663 63,

0116166666166366166 66, 255

 

