INDEX.

1110661, 16110 10, 62.
1110661, 1106010600 61100 11166666,
1110606011, 16110 10, 253.
1110606011, (1110111600 66, 253. ,
1110106611, Philippus de, 247.
Risinges, Rogerus de, 101.
Risinges‚ Thomas de, 141.
1110066611, 11111161010066, 234.
1110106, Hugo de, 52.
1110610, 1106010600 66, 211.
1110606111, Radulphus de, 19.
1100161, 11036100 61100, 264.
11000610, 1106611υο 61100, 59.
1106611, Hugo 66, 145.
11066111, 611010 6110, 38.
11066111, Brianus filius, 186.
11066111 Β11106, 6600, 247.
11066111, 0110110006110, 196.
11066111, Elias 61100, 263.
11066111, Η6011000 61100, 75, 91,
144, 212.
11066111, Hugo 61100, 61 Emma
quaefuit uxor ejus, 237.
Roberti,Johannes 61100, 65, 192.
- 11066111, 10010000 61100, 90, 91.
11066111, Mauricius 6600, 43.
11066111, 1110601000 61100, 16, 34.

- 11066111, Petrus 61100, 180.

11066111, 1106010600 61100, 250.
11066111, 1168100160061100, 234.
11066111, 1110111600 61100, 29, 251,
6066161110661100 61100, 233.
11066111, Rogerus filius, 263.
Roberti‚ 8600161100, 79.
11066111, 1110116100 61100, 127, 134.
11066111, 1111111611000 61100, 63, 225.
11066111, 1110111600 61100, 61 Ρ6110-
nilla uxor ejus, 127.
11066111, Emma quae 10110101 Hen-
rici filii, 116.
11066111 6111 Εο0161, Agnes 6110,
6066167466 Β6661, Ρ61100 61100,
110661111110611, Petrus 61100, 56,
110661ῑέ {giemi Mauricius filius,

849

· 11066111 66 Μο101100, Μο611110

quoe 1011 uxor Hugonis de

, Say, 6110, 153.
1106611166 806016, Simon filius,

Roberti 66 Το160601, Philippus
61100, 29.
11066111 66 10 1111616, walterus
filius, 137.
110661100, 11, 13, 19, 30, 31, 62,
. Qffiffimnffi
92, 101, 102, 113, 114,
130,161, 100, 114, 100,
101, 010, 016, 010, 221,
243, 248, 252, 262.
110661100 junior, 33.
110661100 66600 66 1110606001,
110661100 86060001100 666 66 Cer-
Robertus Episcopus Lino, 251.
1106611οε Monachus, 64.
11066110οἣ00οεί100, 75.
Robertus 61100 6061101, 83.
110661100 61100 Adae, 163.
110661100 filius 61101611, 22.
1106611110 61100 6110101, 247.
Robertus filius Alani, 109.
110661ῑο0 61100 6166101, 74.
1106611οε 61100 Ambrosii, 27.
Robertus filius Baldewini‚ 19,
110661100 61100 Β11601, 233, 234.
110661100 61100 1101661, 62.
1106611οε filius Emming‚ 144.
110661100 61100 Eruisiae, 185.
1106611110 61100 1101060010, 225.
110661100 filius Geroldi, 3.
1106611006Ιίυο Gilberti, 201.
11066000 61100 (1061101, 246.
1106611110 61100 Gunnildae, 181.
1106611110 61100 1111100016, 176.
110661100 61100 11161010, 185.
1106611110 61100 10061101, 94.
110661100 61100 1006601, 61 uxor
ejus, 147.
110661100 61100 10600010, 19.
1106611υο 61100 160106, 19.
1106611υο6600 ΜοΙς611, 19.
110661100 filius Nigelli, 34.

 

